10 trials run!
<# cards drawn>: <expected # pairs>, <expected # points>
0: 0.000000, 0.000000
1: 0.000000, 1.000000
2: 0.000000, 2.000000
3: 0.400000, 2.200000
4: 0.500000, 3.000000
5: 1.100000, 2.800000
6: 1.400000, 3.200000
7: 2.000000, 3.000000
8: 2.300000, 3.400000
9: 3.300000, 2.400000
10: 3.500000, 3.000000
11: 4.000000, 3.000000
12: 4.300000, 3.400000
13: 5.000000, 3.000000
14: 5.500000, 3.000000
15: 6.500000, 2.000000
16: 6.200000, 3.600000
17: 6.900000, 3.200000
18: 7.200000, 3.600000
19: 8.200000, 2.600000
20: 8.800000, 2.400000
21: 9.300000, 2.400000
22: 10.000000, 2.000000
23: 11.000000, 1.000000
24: 12.000000, 0.000000

Pairs Data
0.000000
0.000000
0.000000
0.400000
0.500000
1.100000
1.400000
2.000000
2.300000
3.300000
3.500000
4.000000
4.300000
5.000000
5.500000
6.500000
6.200000
6.900000
7.200000
8.200000
8.800000
9.300000
10.000000
11.000000
12.000000

Points Data
0.000000
1.000000
2.000000
2.200000
3.000000
2.800000
3.200000
3.000000
3.400000
2.400000
3.000000
3.000000
3.400000
3.000000
3.000000
2.000000
3.600000
3.200000
3.600000
2.600000
2.400000
2.400000
2.000000
1.000000
0.000000
