20 trials run!
<# cards drawn>: <expected # pairs>, <expected # points>
0: 0.000000, 0.000000
1: 0.000000, 1.000000
2: 0.250000, 1.500000
3: 0.350000, 2.300000
4: 0.750000, 2.500000
5: 1.050000, 2.900000
6: 1.450000, 3.100000
7: 1.950000, 3.100000
8: 2.550000, 2.900000
9: 3.000000, 3.000000
10: 3.550000, 2.900000
11: 4.200000, 2.600000
12: 4.400000, 3.200000
13: 5.250000, 2.500000
14: 5.600000, 2.800000
15: 5.900000, 3.200000
16: 6.400000, 3.200000
17: 7.100000, 2.800000
18: 7.450000, 3.100000
19: 8.050000, 2.900000
20: 8.550000, 2.900000
21: 9.500000, 2.000000
22: 10.050000, 1.900000
23: 11.000000, 1.000000
24: 12.000000, 0.000000

Pairs Data
0.000000
0.000000
0.250000
0.350000
0.750000
1.050000
1.450000
1.950000
2.550000
3.000000
3.550000
4.200000
4.400000
5.250000
5.600000
5.900000
6.400000
7.100000
7.450000
8.050000
8.550000
9.500000
10.050000
11.000000
12.000000

Points Data
0.000000
1.000000
1.500000
2.300000
2.500000
2.900000
3.100000
3.100000
2.900000
3.000000
2.900000
2.600000
3.200000
2.500000
2.800000
3.200000
3.200000
2.800000
3.100000
2.900000
2.900000
2.000000
1.900000
1.000000
0.000000
