1000000 trials run!
<# cards drawn>: <expected # pairs>, <expected # points>
0: 0.000000, 0.000000
1: 0.000000, 1.000000
2: 0.131183, 1.737634
3: 0.367606, 2.264788
4: 0.689404, 2.621192
5: 1.077991, 2.844018
6: 1.515258, 2.969484
7: 1.988614, 3.022772
8: 2.481632, 3.036736
9: 2.988660, 3.022680
10: 3.497230, 3.005540
11: 4.005442, 2.989116
12: 4.508977, 2.982046
13: 5.005930, 2.988140
14: 5.497936, 3.004128
15: 5.988025, 3.023950
16: 6.481621, 3.036758
17: 6.988308, 3.023384
18: 7.515966, 2.968068
19: 8.078558, 2.842884
20: 8.689562, 2.620876
21: 9.367907, 2.264186
22: 10.130425, 1.739150
23: 11.000000, 1.000000
24: 12.000000, 0.000000

Pairs Data
0.000000
0.000000
0.131183
0.367606
0.689404
1.077991
1.515258
1.988614
2.481632
2.988660
3.497230
4.005442
4.508977
5.005930
5.497936
5.988025
6.481621
6.988308
7.515966
8.078558
8.689562
9.367907
10.130425
11.000000
12.000000

Points Data
0.000000
1.000000
1.737634
2.264788
2.621192
2.844018
2.969484
3.022772
3.036736
3.022680
3.005540
2.989116
2.982046
2.988140
3.004128
3.023950
3.036758
3.023384
2.968068
2.842884
2.620876
2.264186
1.739150
1.000000
0.000000
